18.07834429303551
5.39293617613585
4.08867689657368
3.47271209342154
3.02596218812581
2.68033260860345
2.37839255978265
2.10865354409914
1.87370069068552
1.69739832240226
1.57031613888247
1.47439980500312
1.39207325787217
1.31307581373257
1.23381712238118
1.15764873526018
1.09620463427594
1.04891143115237
1.01434522267721
0.98390569795244
0.95406455646229
0.92558034553375
0.89490722537304
0.86749910310993
0.83986010991832
0.81400230745456
0.79337364624295
0.77336503901051
0.75823260411567
0.74056803118370
0.72461235783192
0.67821076518919
0.51454625946231
0.48721015168569
0.47377546207204
0.46580251801285
0.45091294356316
0.44174983517021
0.42630761570331
0.41471181577775
0.40438165564287
0.39817354605062
0.39278109004166
0.39042209667263
0.38538669191002
0.37834579026726
0.36856540553569
0.36140582057016
0.35584290425835
0.34742624083538
0.34085661759080
0.33609742249602
0.33116335507395
0.32369043820703
0.32130495794663
0.32090273292715
0.31733292946350
0.31496992452105
0.31085787279236
0.30439895609899
0.30093352008905
0.29911345843056
0.29552282438689
0.29303890047307
0.29081161704402
0.29113941253678
0.28691488782149
0.28022588967175
0.27853894831985
0.27663013955254
0.27612594310533
0.27525032201729
0.27507777006601
0.27382468532513
0.27339426444437
0.27327988581759
0.27194139675297
0.27025039239114
0.26950648383041
0.26748369531203
0.26638700614221
0.26638230866778
0.26628671194428
0.26530076490203
0.26591831712188
0.26549551235409
0.26420230405773
0.26324523259183
0.26344873524513
0.26293691716410
0.26277722590229
0.26268744198308
0.26300768798243
0.26318942641506
0.26308492728302
0.26295080602604
0.26270635175689
0.26202378934712
0.26147925033678
0.26131694061697
